10
0       28      6       0       41      0       0       91      0       75
64      0       16      0       81      80      46      44      81      0
84      31      0       72      13      62      92      63      85      79
78      65      28      0       21      80      74      19      36      74
0       100     0       0       0       58      0       0       14      41
24      0       96      53      0       0       18      0       0       57
0       74      33      84      9       0       0       5       55      76
0       0       84      51      0       0       86      0       40      41
8       0       0       23      29      0       0       0       0       67
7       0       18      81      18      39      43      99      95      0

237