10
0       98      98      19      86      21      42      94      85      60
30      0       90      76      53      3       67      14      92      2 
25      88      0       36      31      41      58      19      24      89
33      50      7       0       49      54      9       6       63      46
33      40      17      14      0       86      97      72      5       34
29      84      6       84      87      0       72      27      63      11
1       21      80      18      30      44      0       58      70      60
87      21      99      91      65      82      31      0       52      42
96      94      25      89      27      61      48      61      0       80
35      67      52      54      31      38      82      61      18      0 