11
0       68      0       55      61      12      0       0       41      0       67
60      0       78      78      68      28      0       31      41      0       36
0       95      0       97      35      57      0       0       0       94      23
84      68      52      0       52      69      36      35      64      56      0
0       0       82      0       0       11      59      19      27      0       50
36      0       43      2       0       0       8       26      69      40      10
0       80      0       0       52      48      0       37      58      93      0
0       2       0       0       0       0       0       0       52      79      2
78      0       70      73      0       96      99      0       0       17      6
84      93      37      85      83      76      47      64      3       0       70
81      89      17      93      28      12      0       0       49      0       0

285