11
0       17      18      63      56      85      10      93      97      76      53
49      0       95      83      54      52      34      89      29      21      74
73      53      0       56      95      18      23      20      50      26      84
13      33      99      0       47      88      74      72      70      32      29
33      18      6       94      0       40      37      58      19      5       15
56      59      50      41      29      0       3       58      45      4       51
88      91      24      81      79      62      0       61      59      67      66
32      10      7       37      34      16      7       0       75      57      96
26      68      38      16      11      71      8       28      0       3       19
89      52      66      54      50      74      29      41      82      0       89
100     61      6       25      59      68      79      71      65      84      0