12
0       72      36      82      82      46      34      85      67      57      59      58
76      0       67      90      28      64      31      24      31      86      0       0
58      81      0       16      92      57      79      65      9       79      79      5
0       0       97      0       84      72      4       40      0       0       46      53
0       0       8       0       0       66      0       0       82      51      40      25
0       0       0       50      83      0       63      0       0       74      0       62
78      45      38      0       10      2       0       73      78      0       0       0
83      17      51      0       91      9       95      0       27      73      0       78
63      18      28      96      44      0       94      35      0       74      0       0
0       42      47      21      0       91      0       14      0       0       54      0
72      15      0       2       0       0       11      73      0       26      0       64
51      20      0       0       33      0       0       82      0       57      3       0