12
0       17      36      70      29      2       48      80      3       64      21      56
66      0       33      7       44      97      69      97      82      36      64      6
50      19      0       62      49      4       6       63      11      79      13      68
78      11      68      0       54      90      25      91      35      27      63      36
15      57      85      26      0       84      18      86      7       78      38      4
3       98      36      5       24      0       70      10      51      21      61      60
90      92      25      37      47      9       0       31      54      52      66      43
38      94      60      70      31      92      29      0       80      82      45      61
31      91      42      74      10      54      28      38      0       79      41      14
44      8       1       48      11      33      7       28      1       0       70      39
93      55      19      6       28      92      77      57      22      54      0       95
30      88      74      36      63      82      13      1       82      3       82      0