13
0       17      53      39      0       81      0       20      0       28      0       79      0
8       0       31      41      61      40      78      76      96      34      42      51      71
28      74      0       83      30      18      5       16      76      32      83      15      10
0       18      0       0       11      3       82      21      0       80      0       0       0
13      71      85      34      0       3       0       21      38      94      80      28      0
92      0       58      82      70      0       70      67      0       72      0       90      48
4       0       0       94      0       34      0       2       0       68      69      0       0
73      89      54      0       36      68      0       0       78      0       37      0       0
27      73      53      20      0       66      0       30      0       55      47      0       0
97      0       90      79      74      60      80      24      75      0       65      1       98
62      41      0       0       0       36      0       0       99      0       0       70      0
0       0       0       76      0       68      0       35      43      4       0       0       80
45      33      21      54      18      29      0       35      0       34      79      93      0