13
0       2       22      31      70      91      40      51      97      27      78      46      71
19      0       36      91      76      80      25      49      31      47      3       54      45
48      9       0       60      74      62      80      90      86      57      32      89      75
93      85      18      0       36      10      100     4       17      19      28      58      2
35      6       86      29      0       61      66      16      97      45      76      93      4
53      73      32      53      16      0       54      4       13      2       90      42      2
64      38      33      17      5       79      0       30      10      1       13      67      85
70      11      19      49      11      39      20      0       75      90      65      86      52
18      17      79      82      89      77      58      37      0       84      37      14      24
53      10      39      53      74      18      91      2       94      0       31      2       37
100     21      73      26      7       63      92      47      52      25      0       72      2
77      51      46      69      91      25      48      85      63      32      31      0       17
65      52      45      20      70      70      63      90      19      78      44      7       0