14
0       14      91      14      39      0       0       0       0       48      0       52      17      18
42      0       2       0       29      75      11      80      91      43      18      90      52      0
0       6       0       81      79      0       0       0       0       55      0       0       95      74
81      60      70      0       36      13      15      16      90      29      31      70      41      88
0       0       25      0       0       15      33      0       0       0       29      34      0       0
19      0       69      8       41      0       29      36      0       64      76      95      23      30
99      90      25      44      35      21      0       32      81      49      73      26      71      34
0       0       8       0       40      0       65      0       74      32      85      0       0       3
8       82      54      55      51      26      47      5       0       88      22      68      90      11
83      26      0       0       38      8       6       0       0       0       8       0       0       0
74      75      48      50      50      0       85      0       0       92      0       85      0       91
38      39      55      0       10      91      23      23      54      53      54      0       20      0
0       2       0       7       0       16      0       0       65      62      0       70      0       9
10      46      0       70      90      32      2       0       0       0       0       0       74      0