14
0       10      39      10      88      17      57      80      55      92      37      11      12      31
5       0       43      33      45      4       92      12      58      18      64      5       24      10
20      39      0       90      48      57      93      3       100     51      40      33      50      50
24      77      50      0       10      43      3       51      46      28      38      7       37      7
45      11      51      34      0       67      89      60      89      28      74      29      59      15
9       23      58      6       81      0       35      42      8       35      77      15      92      10
73      17      38      100     47      77      0       64      23      16      7       90      86      64
4       85      88      12      4       49      55      0       40      9       52      64      27      59
27      57      14      79      62      2       49      24      0       25      29      50      92      85
86      49      6       21      9       75      68      41      66      0       84      99      20      53
94      30      12      58      65      41      68      66      10      23      0       26      64      71
83      7       58      52      10      97      12      24      77      88      99      0       44      37
50      1       95      77      22      38      55      20      68      25      64      22      0       11
38      77      52      37      68      3       64      31      8       16      63      95      56      0