15
0       62      44      58      0       36      40      8       0       51      71      39      0       0       49
0       0       57      20      0       71      0       99      19      70      14      0       0       0       7
54      0       0       60      0       74      0       12      0       0       29      94      25      46      0
81      96      63      0       6       75      80      96      83      93      34      30      91      73      34
5       90      4       13      0       10      97      28      87      29      61      19      22      65      94
46      0       76      52      0       0       76      54      0       24      0       0       9       32      0
0       0       94      0       36      85      0       59      81      0       54      54      22      97      61
0       60      0       0       18      0       0       0       16      22      24      54      51      0       54
0       0       50      0       0       99      72      0       0       64      0       0       74      56      0
90      5       37      0       51      0       51      95      45      0       29      40      4       44      49
0       19      30      98      0       0       63      0       0       56      0       57      56      85      62
40      17      68      0       0       0       36      0       0       0       44      0       11      0       0
0       41      15      0       72      30      1       39      3       31      0       0       0       80      19
99      31      29      46      82      0       23      41      13      68      51      16      49      0       7
52      0       32      7       77      65      79      86      98      0       77      0       63      43      0