15
0       19      89      76      48      54      50      81      34      80      61      99      32      57      77
45      0       78      61      45      16      61      93      43      12      90      77      1       4       2
42      59      0       84      79      20      94      97      98      18      50      30      83      71      72
66      64      66      0       73      48      88      16      53      73      77      71      26      9       76
38      39      90      41      0       10      92      13      84      72      10      16      82      78      44
32      19      66      30      36      0       8       49      28      12      53      72      44      19      59
89      79      61      67      35      42      0       71      19      34      30      54      81      31      72
67      48      89      69      77      70      38      0       16      55      22      22      79      7       66
92      60      70      79      82      1       55      27      0       72      69      97      52      13      85
66      69      89      19      79      47      5       23      98      0       78      93      76      29      21
5       24      52      96      47      41      95      40      80      27      0       51      37      62      56
9       37      11      18      70      38      28      33      98      35      78      0       93      30      98
23      11      3       89      9       27      1       3       19      22      80      58      0       30      72
81      31      84      81      100     59      80      64      11      66      66      51      13      0       96
46      42      29      10      29      25      35      23      82      89      7       30      70      82      0