9
0       91      0       27      0       67      73      36      76
59      0       56      0       0       69      45      35      16
0       0       0       86      8       29      53      29      0
93      0       0       0       10      0       0       78      94
24      9       0       0       0       73      20      41      84
41      70      0       13      64      0       53      2       0
49      9       100     22      85      56      0       60      82
0       13      0       0       0       0       0       0       62
41      63      54      2       11      21      95      53      0

240