13
0       77      96      7       93      11      96      74      56      0       51      0       67
77      0       57      65      52      49      86      59      75      66      0       43      68
96      57      0       43      82      0       0       15      41      0       0       84      39
7       65      43      0       83      0       9       0       54      0       0       43      68
93      52      82      83      0       1       81      13      60      21      66      90      55
11      49      0       0       1       0       44      0       23      2       53      0       0
96      86      0       9       81      44      0       18      0       71      11      77      0
74      59      15      0       13      0       18      0       91      0       0       0       0
56      75      41      54      60      23      0       91      0       35      70      2       80
0       66      0       0       21      2       71      0       35      0       25      0       0
51      0       0       0       66      53      11      0       70      25      0       26      0
0       43      84      43      90      0       77      0       2       0       26      0       15
67      68      39      68      55      0       0       0       80      0       0       15      0