14
0       64      0       0       36      0       0       34      0       14      98      0       17      50
64      0       77      82      0       2       3       0       50      69      9       50      33      71
0       77      0       11      0       0       67      19      61      100     91      0       48      0
0       82      11      0       44      0       77      58      57      57      0       0       35      0
36      0       0       44      0       95      0       35      57      0       38      97      42      0
0       2       0       0       95      0       100     13      79      62      29      89      27      88
0       3       67      77      0       100     0       10      49      29      91      91      0       0
34      0       19      58      35      13      10      0       56      39      0       73      5       70
0       50      61      57      57      79      49      56      0       4       0       56      12      48
14      69      100     57      0       62      29      39      4       0       21      11      0       0
98      9       91      0       38      29      91      0       0       21      0       51      0       0
0       50      0       0       97      89      91      73      56      11      51      0       88      30
17      33      48      35      42      27      0       5       12      0       0       88      0       10
50      71      0       0       0       88      0       70      48      0       0       30      10      0