15
0       14      37      83      0       94      40      51      0       0       0       27      59      19      72
14      0       86      0       0       80      9       0       0       31      0       40      3       0       0
37      86      0       47      6       0       85      0       39      7       42      54      18      76      19
83      0       47      0       23      39      30      33      66      0       50      0       0       0       0
0       0       6       23      0       58      25      43      60      58      0       80      85      75      7
94      80      0       39      58      0       86      0       0       87      0       0       92      0       22
40      9       85      30      25      86      0       37      10      30      98      11      23      11      31
51      0       0       33      43      0       37      0       12      0       0       0       0       38      0
0       0       39      66      60      0       10      12      0       84      47      0       26      32      53
0       31      7       0       58      87      30      0       84      0       22      58      25      3       81
0       0       42      50      0       0       98      0       47      22      0       85      57      60      0
27      40      54      0       80      0       11      0       0       58      85      0       71      52      43
59      3       18      0       85      92      23      0       26      25      57      71      0       69      65
19      0       76      0       75      0       11      38      32      3       60      52      69      0       46
72      0       19      0       7       22      31      0       53      81      0       43      65      46      0